17 -19.378948 2.147409 1.859229
18 -18.127611 2.371991 1.207779
19 -18.123737 3.016928 0.497072
20 -16.577440 4.893734 0.815814
21 -17.007364 4.815024 1.207891
22 -18.302017 5.500833 0.140038
23 -14.637943 1.693791 0.602106
24 -13.688004 1.545239 0.399798
25 -12.594827 -9.381489 4.865582
25 -10.841278 2.832189 0.503014
26 -7.284429 -2.890236 4.239079
27 0.646515 -1.330648 3.629808
27 -4.177902 2.896224 0.490982
28 9.764897 2.846843 2.174618
28 1.884467 3.995026 1.934631
29 14.928660 3.965721 1.853129
29 9.723143 3.574023 0.929504
30 20.605869 4.325514 -0.049176
30 23.215267 -0.388471 1.574651
31 23.669851 5.672302 -1.899924
31 32.668289 -0.496835 -0.681295
32 25.634613 5.677696 -1.902925
32 40.899582 1.397622 2.773358
33 27.190750 6.238547 -1.356927
33 47.708405 0.546162 4.315584
34 28.452669 6.317353 -1.726043
34 51.865349 -0.157003 4.635854
35 28.985197 7.042157 -2.308582
35 56.697346 0.618557 3.215827
36 30.776104 6.146712 -3.825796
36 58.800159 -1.753649 2.233458
37 30.926840 3.810726 -4.598793
37 61.099693 0.950225 2.520818
38 31.143917 3.087574 -4.451840
38 61.023777 0.208544 2.562160
39 32.167336 3.734284 -4.952487
39 56.299477 -0.935466 0.904019
40 32.184555 4.301209 -5.755128
40 54.145958 -3.197499 0.358510
41 33.316204 4.432513 -6.320799
41 56.562851 -2.801952 1.348042
42 34.201019 4.888723 -6.730386
42 57.572525 -1.444512 1.994007
43 33.973137 4.633957 -6.528119
43 57.859718 -0.856094 2.605520
44 33.669712 4.353248 -6.422912
44 55.961300 -0.213285 1.918810
45 34.312828 3.971233 -6.535292
45 55.119675 -0.461917 1.226954
46 35.250793 4.227559 -6.370338
46 55.564697 -3.198225 0.949710
47 35.197613 3.296431 -6.792516
47 55.842308 -2.079755 1.026219
48 34.747650 2.714287 -7.432954
48 57.269547 -0.469135 1.050432
49 34.634380 2.366561 -7.983846
49 56.025085 -1.392825 0.684777
50 34.902260 2.656820 -8.149166
50 56.549828 -1.923180 0.888989
51 34.901299 3.075059 -8.455858
51 57.850384 -1.418283 1.037355
52 36.254910 4.248625 -8.414040
52 57.817257 -2.259504 1.154348
53 36.464527 2.465167 -8.867437
53 59.267582 -0.522411 1.211309
54 37.170082 2.984184 -8.662040
54 58.497543 0.091309 0.401430
55 37.311813 5.042600 -8.280931
55 57.061852 -1.815818 -0.325016
56 41.699432 6.422800 -7.213975
56 56.773697 -3.900602 -1.585034
57 42.457241 6.550941 -7.581976
57 57.965698 -4.052048 -1.390563
58 43.218033 6.719924 -7.835934
58 58.932598 -4.415412 -1.051132
59 45.058170 7.130156 -7.731569
59 57.697216 -4.462713 -0.441178
60 47.748592 6.862277 -7.007654
60 56.932037 -5.487705 -0.002205
61 50.975357 5.965410 -6.376459
61 53.412403 -6.009431 -0.251388
62 54.223885 6.623979 -6.068162
62 51.569405 -4.545138 -0.013569
63 57.241692 6.657746 -5.989558
63 49.719131 -3.110544 0.096906
64 59.186836 5.800714 -6.684547
64 46.044891 -0.702271 0.545528
65 60.582649 6.739643 -6.438473
65 39.115345 -1.069759 0.106242
66 62.711239 6.049252 -6.979410
66 30.104319 -0.954486 1.148070
67 64.273811 5.728842 -6.904855
67 17.720688 -1.817880 0.884850
68 65.106163 5.660466 -7.472740
68 6.328811 -0.529088 2.630060
69 64.648369 5.840161 -6.531925
69 -0.683873 1.465498 2.514185
70 64.148064 6.269868 -5.908811
70 -6.128668 1.155487 1.253821
71 62.419170 6.744135 -5.644815
71 -12.670228 1.514902 -0.154762
72 60.889660 6.813229 -5.422119
72 -14.113191 1.353413 -0.774119
73 60.222790 7.890725 -5.324673
73 -15.627800 2.357349 -1.181246
74 60.086315 7.591390 -4.998124
74 -16.391262 3.761983 -1.114888
75 60.491112 6.786520 -5.142553
75 -14.617976 3.118781 -0.800299
76 60.376102 6.091569 -5.425534
76 -12.305084 1.998372 -0.745213
77 60.458084 6.406717 -5.385838
77 -6.604524 0.086166 0.222734
78 60.159191 6.258796 -5.212260
78 -0.643538 -0.425603 1.050820
79 59.805309 6.547117 -5.015017
79 4.136135 0.799126 2.190588
80 59.591114 6.568449 -4.358790
80 12.502516 0.465211 0.796037
81 60.291145 7.675576 -3.949372
81 20.656534 0.614130 0.435378
82 60.015789 8.210029 -3.427980
82 32.567993 -0.918515 1.291070
83 61.617832 8.753471 -3.584755
83 39.730461 -1.330166 0.194666
84 62.183128 8.528747 -3.743213
84 44.282257 -1.744320 0.134700
85 61.826046 7.972119 -4.009720
85 50.779999 -1.483191 -0.932095
86 61.571175 8.300535 -3.898459
86 52.388161 -1.283673 -0.929668
87 60.832775 8.063844 -4.327387
87 55.683636 -0.938974 -0.730390
88 60.571579 7.717009 -4.790051
88 56.422153 0.992948 -1.101876
89 58.763893 6.456524 -4.797102
89 57.182743 1.196841 -1.080406
90 57.515160 6.041040 -5.056085
90 57.861149 1.488049 -0.941604
91 56.646755 6.888329 -5.324534
91 62.743027 2.247213 -1.843627
92 54.493294 5.237682 -6.370657
92 64.279968 1.393304 -1.627065
93 51.677788 4.456950 -5.235613
93 65.304955 1.234336 -2.113938
94 50.987946 2.943610 -6.037714
94 65.397316 1.065183 -2.677432
95 48.472687 2.344081 -6.278032
95 65.947426 0.877750 -2.874036
96 46.000576 1.483625 -7.572339
96 64.613976 1.607824 -2.132538
97 44.809170 1.293369 -9.505407
97 60.104473 -1.161550 -3.740278
98 43.939194 1.753207 -9.394210
98 56.428223 -3.322885 -3.220980
99 43.061695 0.836366 -10.509827
99 54.942440 -3.188733 -3.106443
100 41.581791 0.397006 -10.587182
100 52.983879 -3.803900 -2.720968
101 41.074341 0.466933 -10.600046
101 51.957760 -5.455193 -2.278104
102 37.744064 0.624340 -9.754007
103 37.949471 0.995969 -9.819301
104 37.824863 0.484369 -9.880437
105 38.169380 1.120909 -9.210760
106 37.969231 1.273592 -9.523412
107 38.135895 0.909789 -9.424318
Runtime: 121.36703800100076seconds