1 -28.096451 2.997420 1.822182
2 -28.098364 0.371399 2.176865
3 -25.902615 -12.566163 7.200317
3 -26.045294 -0.286215 2.710558
4 -32.607574 -10.247317 6.961185
4 -23.898680 -2.973928 2.758900
5 -37.333355 -8.942016 7.258953
5 -26.706577 -1.153304 4.228908
6 -37.092876 -9.196649 6.162810
6 -26.846920 -1.751632 4.619855
7 -37.185707 -9.300226 5.737572
7 -23.753769 -3.449479 4.755775
8 -37.040867 -8.083036 6.670334
8 -22.016468 -4.976782 5.014598
9 -38.096851 -8.466554 5.746004
9 -23.353279 -4.731145 4.668744
10 -37.330807 -9.256126 5.544775
10 -25.702724 -5.848717 4.209135
11 -39.283764 -8.064117 5.545563
12 -37.176918 -8.256886 6.254992
13 -37.319504 -8.566643 6.714965
14 -38.040489 -7.276256 7.132044
14 -28.095381 -2.128300 4.398363
15 -37.445724 -7.221725 8.034321
15 -25.016462 -4.467246 5.279142
16 -35.854443 -9.274711 7.816302
16 -23.101118 -3.716013 4.566816
17 -37.314358 -8.361569 7.394067
17 -22.906073 -3.109654 3.217623
18 -36.257137 -8.361568 7.632154
18 -20.831509 -2.584435 3.051629
19 -34.652649 -10.794360 7.804444
19 -23.917257 -4.140667 2.122233
20 -35.666092 -10.374451 8.024006
20 -25.386860 -5.246249 3.875570
21 -34.028072 -10.558448 7.273626
22 -27.168932 -15.547252 5.387410
22 -25.307308 -4.824398 1.889044
23 -24.138321 -14.757044 5.385574
23 -20.613146 -4.593865 1.002806
24 -20.430334 -3.089508 1.106824
25 -20.658411 -3.577632 1.971061
26 -22.199627 -3.841646 1.867310
27 -27.953083 -4.237648 3.422213
60 44.500942 5.055819 -3.586925
62 52.775063 4.948581 -2.491668
65 -13.759201 -8.012512 -5.053051
66 -51.116146 -5.933017 -1.819506
70 -20.421659 -2.722908 0.283732
71 -23.167168 -2.071073 0.769068
72 -22.490044 -3.727767 0.097158
73 -26.815969 -2.333591 1.326131
74 -25.434645 -3.687485 0.354514
75 -25.497227 -3.234951 0.185404
76 -25.028307 -2.714130 0.631214
77 -19.732834 -4.559667 0.500933
78 -12.366826 -2.874431 -0.754982
79 1.989611 -4.601801 -0.189357
81 17.943567 -2.952948 -2.926514
82 26.559256 -1.810498 -4.718135
83 31.622232 -4.696706 -2.961536
88 55.954079 6.070736 -4.846889
91 53.896076 4.607047 -4.823281
92 51.959675 3.401469 -5.860349
93 50.405819 1.247568 -5.931611
94 47.349846 1.159546 -7.503347
95 45.992874 -0.018449 -7.649852
96 43.677032 -1.127625 -8.980285
97 42.791901 -0.699661 -10.012853
98 40.832390 -0.612386 -7.859121
99 38.884998 -0.842795 -9.577435
100 38.785049 -1.292989 -9.656484
101 37.375427 -1.098270 -9.487202
102 36.656990 -0.592252 -9.101777
103 35.503078 -1.193426 -9.878538
104 36.339893 -0.665737 -10.116523
105 36.127335 -0.615712 -10.272550
106 36.771923 -0.183301 -10.116790
107 37.109547 1.259247 -9.537233
108 36.895706 -0.698078 -10.404039
109 36.304562 -1.524261 -10.432842
110 35.846458 -1.611764 -10.347451
111 35.490246 -4.079061 -9.559278
112 34.804676 -4.814146 -9.655179
113 35.685135 -1.427421 -9.288820
114 35.400795 -5.055036 -9.900145
114 52.994648 -4.709703 -6.615033
115 36.073208 -3.698593 -9.953513
115 49.171707 -3.089054 -5.680520
116 36.390850 -2.511034 -10.498945
116 49.569992 -2.852312 -5.484239
117 34.827660 -1.547015 -10.593533
117 49.212006 -2.975496 -5.961562
118 35.747833 -2.163693 -10.262063
119 35.635265 -2.482644 -9.590191
120 35.054996 -4.097122 -9.514892
121 35.874863 -3.346094 -9.781863
122 35.642574 -2.474332 -9.446754
123 35.861786 -2.577709 -9.461173
124 34.591782 -2.128706 -9.674421
125 35.315479 -2.689515 -9.027868
126 36.963764 -0.958381 -9.272685
127 35.923473 -1.748046 -7.428339
128 39.810009 -0.457576 -8.723777
129 41.613396 0.233473 -8.283234
129 58.239857 -9.367630 -7.245727
130 42.508247 -1.773451 -8.858435
130 51.400284 -10.123998 -9.539346
131 44.960766 0.019225 -8.195921
132 45.851048 2.178111 -7.651915
133 49.881172 3.772606 -6.748028
134 50.740391 3.296093 -5.832634
135 50.613468 4.015221 -6.728323
136 51.717773 2.810346 -7.370402
137 54.305119 2.703955 -7.239696
137 21.587717 -9.583342 -9.068808
138 54.292263 2.427624 -7.233782
138 28.056984 -9.510520 -7.478613
139 55.576221 2.869508 -6.766705
139 10.728518 -10.712082 -8.794726
140 56.155449 3.212519 -6.345876
140 9.779838 -12.153392 -7.989863
141 56.922379 2.263246 -8.653070
141 43.833679 -10.566772 -5.402653
142 57.497147 3.447194 -7.304879
143 57.536957 3.382934 -7.347867
144 57.279133 2.881245 -6.630982
145 57.322948 3.135831 -5.732762
146 56.708412 3.452189 -6.076604
147 58.455860 4.591805 -5.379681
148 57.805561 6.513088 -5.499239
149 57.828056 6.521767 -5.495102
150 57.822781 6.509124 -5.503397
